[Variables]
idex_applied_offset = 0
idex_xcontrolpoint = 211.93770662560559
idex_xoffset = -0.018844344261509605
idex_ycontrolpoint = 526.2697568044921
idex_yoffset = -0.5680902133060499
idex_zcontrolpoint = 0.5099999999999999
idex_zoffset = -0.0028124999886598445
idex_zoffsetcontrolpoint = -0.8481249999660165
nozzle_expansion_applied_offset = 0.047999999999999994
nozzle_expansion_coefficient_multiplier = 1.0
nozzle_expansion_coefficient_t0 = 0.06
nozzle_expansion_coefficient_t1 = 0.06
t0_filament = ('unknown', 'unknown', 220)
t1_filament = ('unknown', 'unknown', 220)

